6.300000000000000000e+03 8.062907909334171563e-06
6.310000000000000000e+03 7.757323146506678313e-06
6.320000000000000000e+03 8.089415132417343557e-06
6.330000000000000000e+03 8.188771971617825329e-06
6.340000000000000000e+03 8.584916031395550817e-06
6.350000000000000000e+03 9.133822459261864424e-06
6.360000000000000000e+03 8.837051609589252621e-06
6.370000000000000000e+03 9.236594451067503542e-06
6.380000000000000000e+03 9.020514880830887705e-06
6.390000000000000000e+03 9.418698937224689871e-06
6.400000000000000000e+03 1.097672156902262941e-05
6.410000000000000000e+03 1.137696381192654371e-05
6.420000000000000000e+03 1.247585259989136830e-05
6.430000000000000000e+03 1.373194572806823999e-05
6.440000000000000000e+03 1.514701398264151067e-05
6.450000000000000000e+03 1.632305429666303098e-05
6.460000000000000000e+03 1.872014763648621738e-05
6.470000000000000000e+03 2.181024319725111127e-05
6.480000000000000000e+03 2.407257125014439225e-05
6.490000000000000000e+03 2.867040166165679693e-05
6.500000000000000000e+03 3.422154622967354953e-05
6.510000000000000000e+03 4.130128945689648390e-05
6.520000000000000000e+03 5.101151327835395932e-05
6.530000000000000000e+03 6.293960905168205500e-05
6.540000000000000000e+03 7.990299491211771965e-05
6.550000000000000000e+03 1.025527017191052437e-04
6.560000000000000000e+03 1.331624662270769477e-04
6.570000000000000000e+03 1.724461471894755960e-04
6.580000000000000000e+03 2.239723689854145050e-04
6.590000000000000000e+03 2.910652256105095148e-04
6.600000000000000000e+03 3.748728777281939983e-04
6.610000000000000000e+03 4.815765714738518000e-04
6.620000000000000000e+03 6.174479494802653790e-04
6.630000000000000000e+03 7.921307696960866451e-04
6.640000000000000000e+03 1.017913804389536381e-03
6.650000000000000000e+03 1.319427974522113800e-03
6.660000000000000000e+03 1.725479261949658394e-03
6.670000000000000000e+03 2.288536168634891510e-03
6.680000000000000000e+03 3.079982008785009384e-03
6.690000000000000000e+03 4.156407900154590607e-03
6.700000000000000000e+03 5.586782004684209824e-03
6.710000000000000000e+03 7.485795766115188599e-03
6.720000000000000000e+03 9.924572892487049103e-03
6.730000000000000000e+03 1.305916905403137207e-02
6.740000000000000000e+03 1.707020774483680725e-02
6.750000000000000000e+03 2.211695909500122070e-02
6.760000000000000000e+03 2.831292338669300079e-02
6.770000000000000000e+03 3.591122850775718689e-02
6.780000000000000000e+03 4.494220763444900513e-02
6.790000000000000000e+03 5.532564222812652588e-02
6.800000000000000000e+03 6.730467826128005981e-02
6.810000000000000000e+03 8.124911040067672729e-02
6.820000000000000000e+03 9.706042706966400146e-02
6.830000000000000000e+03 1.149847134947776794e-01
6.840000000000000000e+03 1.349610984325408936e-01
6.850000000000000000e+03 1.565281748771667480e-01
6.860000000000000000e+03 1.794851273298263550e-01
6.870000000000000000e+03 1.542705446481704712e-01
6.880000000000000000e+03 2.005218565464019775e-01
6.890000000000000000e+03 2.204590737819671631e-01
6.900000000000000000e+03 2.639424204826354980e-01
6.910000000000000000e+03 2.894569933414459229e-01
6.920000000000000000e+03 3.317052125930786133e-01
6.930000000000000000e+03 3.646004796028137207e-01
6.940000000000000000e+03 3.930146694183349609e-01
6.950000000000000000e+03 4.218366444110870361e-01
6.960000000000000000e+03 4.479918181896209717e-01
6.970000000000000000e+03 4.771880507469177246e-01
6.980000000000000000e+03 5.008523464202880859e-01
6.990000000000000000e+03 5.217096209526062012e-01
7.000000000000000000e+03 5.450175404548645020e-01
7.010000000000000000e+03 5.645943284034729004e-01
7.020000000000000000e+03 5.830650925636291504e-01
7.030000000000000000e+03 5.999140739440917969e-01
7.040000000000000000e+03 6.161800026893615723e-01
7.050000000000000000e+03 6.340368986129760742e-01
7.060000000000000000e+03 6.472722291946411133e-01
7.070000000000000000e+03 6.599225401878356934e-01
7.080000000000000000e+03 6.710981130599975586e-01
7.090000000000000000e+03 6.817085742950439453e-01
7.100000000000000000e+03 6.918455958366394043e-01
7.110000000000000000e+03 7.008567452430725098e-01
7.120000000000000000e+03 7.085425257682800293e-01
7.130000000000000000e+03 7.153195142745971680e-01
7.140000000000000000e+03 7.214873433113098145e-01
7.150000000000000000e+03 7.262920141220092773e-01
7.160000000000000000e+03 7.313143610954284668e-01
7.170000000000000000e+03 7.258682250976562500e-01
7.180000000000000000e+03 7.207240462303161621e-01
7.190000000000000000e+03 7.095028162002563477e-01
7.200000000000000000e+03 7.341194152832031250e-01
7.210000000000000000e+03 7.370522022247314453e-01
7.220000000000000000e+03 7.505012154579162598e-01
7.230000000000000000e+03 7.503578662872314453e-01
7.240000000000000000e+03 7.528921365737915039e-01
7.250000000000000000e+03 7.472555637359619141e-01
7.260000000000000000e+03 7.541493177413940430e-01
7.270000000000000000e+03 7.495321035385131836e-01
7.280000000000000000e+03 7.395952939987182617e-01
7.290000000000000000e+03 7.442346215248107910e-01
7.300000000000000000e+03 7.588482499122619629e-01
7.310000000000000000e+03 7.610071301460266113e-01
7.320000000000000000e+03 7.544364929199218750e-01
7.330000000000000000e+03 7.648758888244628906e-01
7.340000000000000000e+03 7.669990062713623047e-01
7.350000000000000000e+03 7.674375176429748535e-01
7.360000000000000000e+03 7.674625515937805176e-01
7.370000000000000000e+03 7.664831280708312988e-01
7.380000000000000000e+03 7.678148746490478516e-01
7.390000000000000000e+03 7.684471011161804199e-01
7.400000000000000000e+03 7.681630253791809082e-01
7.410000000000000000e+03 7.684512734413146973e-01
7.420000000000000000e+03 7.689536213874816895e-01
7.430000000000000000e+03 7.691003084182739258e-01
7.440000000000000000e+03 7.693311572074890137e-01
7.450000000000000000e+03 7.695044279098510742e-01
7.460000000000000000e+03 7.694422006607055664e-01
7.470000000000000000e+03 7.693346142768859863e-01
7.480000000000000000e+03 7.692604064941406250e-01
7.490000000000000000e+03 7.687731981277465820e-01
7.500000000000000000e+03 7.683293819427490234e-01
7.510000000000000000e+03 7.683585286140441895e-01
7.520000000000000000e+03 7.681742310523986816e-01
7.530000000000000000e+03 7.679083943367004395e-01
7.540000000000000000e+03 7.675653696060180664e-01
7.550000000000000000e+03 7.671787142753601074e-01
7.560000000000000000e+03 7.665084004402160645e-01
7.570000000000000000e+03 7.657481431961059570e-01
7.580000000000000000e+03 7.650595307350158691e-01
7.590000000000000000e+03 7.638459801673889160e-01
7.600000000000000000e+03 3.500225543975830078e-01
7.610000000000000000e+03 2.624571621417999268e-01
7.620000000000000000e+03 5.865484476089477539e-01
7.630000000000000000e+03 4.385120272636413574e-01
7.640000000000000000e+03 4.545382261276245117e-01
7.650000000000000000e+03 5.995396375656127930e-01
7.660000000000000000e+03 6.174496412277221680e-01
7.670000000000000000e+03 6.642314791679382324e-01
7.680000000000000000e+03 7.049376964569091797e-01
7.690000000000000000e+03 7.360133528709411621e-01
7.700000000000000000e+03 7.456744313240051270e-01
7.710000000000000000e+03 7.537147402763366699e-01
7.720000000000000000e+03 7.529125809669494629e-01
7.730000000000000000e+03 7.526146173477172852e-01
7.740000000000000000e+03 7.516779899597167969e-01
7.750000000000000000e+03 7.514023184776306152e-01
7.760000000000000000e+03 7.504745125770568848e-01
7.770000000000000000e+03 7.496378421783447266e-01
7.780000000000000000e+03 7.487343549728393555e-01
7.790000000000000000e+03 7.475727796554565430e-01
7.800000000000000000e+03 7.465094923973083496e-01
7.810000000000000000e+03 7.454664111137390137e-01
7.820000000000000000e+03 7.444314956665039062e-01
7.830000000000000000e+03 7.433288693428039551e-01
7.840000000000000000e+03 7.422978878021240234e-01
7.850000000000000000e+03 7.410345077514648438e-01
7.860000000000000000e+03 7.397422194480895996e-01
7.870000000000000000e+03 7.379730939865112305e-01
7.880000000000000000e+03 7.360789775848388672e-01
7.890000000000000000e+03 7.343259453773498535e-01
7.900000000000000000e+03 7.327087521553039551e-01
7.910000000000000000e+03 7.314919233322143555e-01
7.920000000000000000e+03 7.312566637992858887e-01
7.930000000000000000e+03 7.283022403717041016e-01
7.940000000000000000e+03 7.296993732452392578e-01
7.950000000000000000e+03 7.304574847221374512e-01
7.960000000000000000e+03 7.261860370635986328e-01
7.970000000000000000e+03 7.253665328025817871e-01
7.980000000000000000e+03 7.248860597610473633e-01
7.990000000000000000e+03 7.237851023674011230e-01
8.000000000000000000e+03 7.210763692855834961e-01
8.010000000000000000e+03 7.200177311897277832e-01
8.020000000000000000e+03 7.209197282791137695e-01
8.030000000000000000e+03 7.191852331161499023e-01
8.040000000000000000e+03 7.187614440917968750e-01
8.050000000000000000e+03 7.180975675582885742e-01
8.060000000000000000e+03 7.176507115364074707e-01
8.070000000000000000e+03 7.169323563575744629e-01
8.080000000000000000e+03 7.158382534980773926e-01
8.090000000000000000e+03 7.151873111724853516e-01
8.100000000000000000e+03 7.106645107269287109e-01
8.110000000000000000e+03 7.089722156524658203e-01
8.120000000000000000e+03 7.087301015853881836e-01
8.130000000000000000e+03 7.061543464660644531e-01
8.140000000000000000e+03 6.941698193550109863e-01
8.150000000000000000e+03 6.868834495544433594e-01
8.160000000000000000e+03 6.821703314781188965e-01
8.170000000000000000e+03 6.722628474235534668e-01
8.180000000000000000e+03 6.599770784378051758e-01
8.190000000000000000e+03 6.786857843399047852e-01
8.200000000000000000e+03 6.716470122337341309e-01
8.210000000000000000e+03 6.898666024208068848e-01
8.220000000000000000e+03 6.803690791130065918e-01
8.230000000000000000e+03 6.329771280288696289e-01
8.240000000000000000e+03 6.747781634330749512e-01
8.250000000000000000e+03 6.783317327499389648e-01
8.260000000000000000e+03 6.649246811866760254e-01
8.270000000000000000e+03 6.702560782432556152e-01
8.280000000000000000e+03 6.452739834785461426e-01
8.290000000000000000e+03 6.384300589561462402e-01
8.300000000000000000e+03 6.481317877769470215e-01
8.310000000000000000e+03 6.418378949165344238e-01
8.320000000000000000e+03 6.264708042144775391e-01
8.330000000000000000e+03 6.265255212783813477e-01
8.340000000000000000e+03 6.107371449470520020e-01
8.350000000000000000e+03 6.039253473281860352e-01
8.360000000000000000e+03 5.862447023391723633e-01
8.370000000000000000e+03 5.702674984931945801e-01
8.380000000000000000e+03 5.509321689605712891e-01
8.390000000000000000e+03 5.302258133888244629e-01
8.400000000000000000e+03 5.064191222190856934e-01
8.410000000000000000e+03 4.801630079746246338e-01
8.420000000000000000e+03 4.532624185085296631e-01
8.430000000000000000e+03 4.246809780597686768e-01
8.440000000000000000e+03 3.940171897411346436e-01
8.450000000000000000e+03 3.631483316421508789e-01
8.460000000000000000e+03 3.316517770290374756e-01
8.470000000000000000e+03 3.007233440876007080e-01
8.480000000000000000e+03 2.703111469745635986e-01
8.490000000000000000e+03 2.408957630395889282e-01
8.500000000000000000e+03 2.129027396440505981e-01
8.510000000000000000e+03 1.863640099763870239e-01
8.520000000000000000e+03 1.619022339582443237e-01
8.530000000000000000e+03 1.397600919008255005e-01
8.540000000000000000e+03 1.196902915835380554e-01
8.550000000000000000e+03 1.017675176262855530e-01
8.560000000000000000e+03 8.602023124694824219e-02
8.570000000000000000e+03 7.211196422576904297e-02
8.580000000000000000e+03 6.006518006324768066e-02
8.590000000000000000e+03 4.972306638956069946e-02
8.600000000000000000e+03 4.096939042210578918e-02
8.610000000000000000e+03 3.362910449504852295e-02
8.620000000000000000e+03 2.750155515968799591e-02
8.630000000000000000e+03 2.231430076062679291e-02
8.640000000000000000e+03 1.802105084061622620e-02
8.650000000000000000e+03 1.452943217009305954e-02
8.660000000000000000e+03 1.169267483055591583e-02
8.670000000000000000e+03 9.387153200805187225e-03
8.680000000000000000e+03 7.548311259597539902e-03
8.690000000000000000e+03 6.076004356145858765e-03
8.700000000000000000e+03 4.883979447185993195e-03
8.710000000000000000e+03 3.929750062525272369e-03
8.720000000000000000e+03 3.170720767229795456e-03
8.730000000000000000e+03 2.573715290054678917e-03
8.740000000000000000e+03 2.101692603901028633e-03
8.750000000000000000e+03 1.721763052046298981e-03
8.760000000000000000e+03 1.418284606188535690e-03
8.770000000000000000e+03 1.180617720820009708e-03
8.780000000000000000e+03 9.891422232612967491e-04
8.790000000000000000e+03 8.360951906070113182e-04
8.800000000000000000e+03 7.178506930358707905e-04
8.810000000000000000e+03 6.308523006737232208e-04
8.820000000000000000e+03 5.570505745708942413e-04
8.830000000000000000e+03 4.970068112015724182e-04
8.840000000000000000e+03 4.480092611629515886e-04
8.850000000000000000e+03 4.150286840740591288e-04
8.860000000000000000e+03 3.868410130962729454e-04
8.870000000000000000e+03 3.641728253569453955e-04
8.880000000000000000e+03 3.456834820099174976e-04
8.890000000000000000e+03 3.260545781813561916e-04
8.900000000000000000e+03 3.269088338129222393e-04
8.910000000000000000e+03 3.183904336765408516e-04
8.920000000000000000e+03 3.105806245002895594e-04
8.930000000000000000e+03 3.035615955013781786e-04
8.940000000000000000e+03 2.966137544717639685e-04
8.950000000000000000e+03 2.975224342662841082e-04
8.960000000000000000e+03 2.955669187940657139e-04
8.970000000000000000e+03 2.906515728682279587e-04
8.980000000000000000e+03 2.763184311334043741e-04
8.990000000000000000e+03 2.697926829569041729e-04
